P(a) = 0.0528829341340511
P(b) = 0.005594747131344909
P(c) = 0.020297613444491585
P(d) = 0.023955594906292645
P(e) = 0.10782086804755012
P(f) = 0.006426023873285776
P(g) = 0.005904884296554795
P(h) = 0.004943550033719458
P(i) = 0.046180879088797
P(j) = 0.0038912664555733056
P(k) = 0.00018326287035129628
P(l) = 0.03399821830291306
P(m) = 0.01935174056525909
P(n) = 0.04753693338008128
P(o) = 0.03352164389068438
P(p) = 0.018240339932160905
P(q) = 0.007248205683695562
P(r) = 0.04127052555516599
P(s) = 0.05435267506947391
P(t) = 0.04302311886120543
P(u) = 0.03922234697436639
P(v) = 0.009371872196203139
P(w) = 7.59426782845322e-05
P(x) = 0.0028908239871543186
P(y) = 0.001341047654257997
P(z) = 0.0009490561052683755
