P(a) = 0.05591892042645925
P(b) = 0.005915939135502559
P(c) = 0.021462890621243333
P(d) = 0.02533087521085421
P(e) = 0.11401081727763897
P(f) = 0.006794939114345011
P(g) = 0.006243881140738091
P(h) = 0.005227357095183965
P(i) = 0.04883210331038701
P(j) = 0.004114662373607689
P(k) = 0.0001937839121846323
P(l) = 0.03595004125722001
P(m) = 0.02046271559061297
P(n) = 0.050266008089877266
P(o) = 0.03544610691486395
P(p) = 0.0192875099296223
P(q) = 0.007664322025585247
P(r) = 0.04363984851195113
P(s) = 0.05747303855097719
P(t) = 0.04549305743889796
P(u) = 0.04147408488793231
P(v) = 0.00990990731070245
P(w) = 8.030251447849528e-05
P(x) = 0.0030567849373640387
P(y) = 0.0014180366179466022
P(z) = 0.0010035410042911355
