P(a) = 0.07265956475383165
P(b) = 0.005272417904228352
P(c) = 0.03450575342395282
P(d) = 0.024219426213800757
P(e) = 0.08034923096907286
P(f) = 0.008144306959025745
P(g) = 0.012274013969753209
P(h) = 0.011065068286139438
P(i) = 0.0680668572685287
P(j) = 4.565699124286047e-05
P(k) = 9.645843220322634e-06
P(l) = 0.03928751943637409
P(m) = 0.01916371825392232
P(n) = 0.04424291062676117
P(o) = 0.06429340340073848
P(p) = 0.018774026187821286
P(q) = 0.005159240010443233
P(r) = 0.042747161871396475
P(s) = 0.03772489283468182
P(t) = 0.03781363459230879
P(u) = 0.023625242271428884
P(v) = 0.013638579257321516
P(w) = 1.929168644064527e-06
P(x) = 0.0001974182579092699
P(y) = 7.0736183615699315e-06
P(z) = 0.003394693757338879
