P(a) = 0.06793432514201335
P(b) = 0.00492898130378109
P(c) = 0.032261439228871154
P(d) = 0.022643973391437353
P(e) = 0.07512397608500118
P(f) = 0.007614127742264421
P(g) = 0.011475303386675517
P(h) = 0.010344968567072144
P(i) = 0.06364025531137117
P(j) = 4.2086934772466006e-05
P(k) = 8.417386954493202e-06
P(l) = 0.03673227418555769
P(m) = 0.0179170093745641
P(n) = 0.041365444462080875
P(o) = 0.060112167693587876
P(p) = 0.01755265676781961
P(q) = 0.0048231627249246045
P(r) = 0.03996695574378436
P(s) = 0.0352712563070278
P(t) = 0.03535422769272209
P(u) = 0.0220884258524408
P(v) = 0.012751138752206558
P(w) = 1.2024838506418858e-06
P(x) = 0.00018398002914820854
P(y) = 6.012419253209429e-06
P(z) = 0.003173354881843937
