P(a) = 0.05607723969434465
P(b) = 0.005865939205753698
P(c) = 0.020131361293639186
P(d) = 0.025413505260785604
P(e) = 0.1156194440639219
P(f) = 0.006786067277368532
P(g) = 0.0062675746180167365
P(h) = 0.005226661324621086
P(i) = 0.04918560809712703
P(j) = 0.0031271588517155185
P(k) = 0.00017135789594107645
P(l) = 0.034852428445803524
P(m) = 0.02003316192633771
P(n) = 0.04931719524931101
P(o) = 0.035837368099837334
P(p) = 0.01905607822168802
P(q) = 0.007508814620707399
P(r) = 0.04438758701077689
P(s) = 0.05814139039502168
P(t) = 0.0461974013501431
P(u) = 0.04210150573999852
P(v) = 0.009790967916793712
P(w) = 6.824856027452616e-05
P(x) = 0.003070203218680662
P(y) = 0.0014273278037269606
P(z) = 0.0010178364420798036
