P(a) = 0.05201899607343734
P(b) = 0.011245755067388305
P(c) = 0.015009153135943967
P(d) = 0.02551337153772684
P(e) = 0.07814125013265415
P(f) = 0.013888888888888888
P(g) = 0.013895521596094662
P(h) = 0.04194457709858856
P(i) = 0.043694285259471506
P(j) = 0.0007209752732675369
P(k) = 0.005373156107396795
P(l) = 0.02852196752626552
P(m) = 0.01555369839753794
P(n) = 0.043787806431072905
P(o) = 0.04625583678234108
P(p) = 0.011511063355619229
P(q) = 0.0010347023241006048
P(r) = 0.0348077841451767
P(s) = 0.04283601294704446
P(t) = 0.058712060914782975
P(u) = 0.017801522869574444
P(v) = 0.005745250981640667
P(w) = 0.014845325267961371
P(x) = 0.0006937811737238671
P(y) = 0.011280908415578902
P(z) = 0.00042051363684601507
