P(a) = 0.06793492638393867
P(b) = 0.0049295825457064115
P(c) = 0.03226204047079648
P(d) = 0.022644574633362675
P(e) = 0.0751245773269265
P(f) = 0.007614728984189742
P(g) = 0.011475904628600838
P(h) = 0.010345569808997465
P(i) = 0.06364085655329649
P(j) = 4.268817669778695e-05
P(k) = 9.018628879814144e-06
P(l) = 0.036732875427483005
P(m) = 0.01791761061648942
P(n) = 0.0413660457040062
P(o) = 0.0601127689355132
P(p) = 0.01755325800974493
P(q) = 0.004823763966849925
P(r) = 0.03996755698570968
P(s) = 0.035271857548953116
P(t) = 0.035354828934647406
P(u) = 0.022089027094366123
P(v) = 0.012751739994131879
P(w) = 1.803725775962829e-06
P(x) = 0.0001845812710735295
P(y) = 6.6136611785303725e-06
P(z) = 0.0031739561237692578
