P(a) = 0.05591843957307913
P(b) = 0.005915458282122448
P(c) = 0.021462409767863223
P(d) = 0.025330394357474098
P(e) = 0.11401033642425885
P(f) = 0.0067944582609649
P(g) = 0.00624340028735798
P(h) = 0.005226876241803854
P(i) = 0.0488316224570069
P(j) = 0.004114181520227579
P(k) = 0.00019330305880452156
P(l) = 0.035949560403839904
P(m) = 0.02046223473723286
P(n) = 0.05026552723649716
P(o) = 0.03544562606148384
P(p) = 0.019287029076242187
P(q) = 0.007663841172205136
P(r) = 0.04363936765857102
P(s) = 0.05747255769759708
P(t) = 0.04549257658551785
P(u) = 0.0414736040345522
P(v) = 0.009909426457322339
P(w) = 7.982166109838453e-05
P(x) = 0.003056304083983928
P(y) = 0.0014175557645664915
P(z) = 0.0010030601509110248
