P(a) = 0.07776375924363461
P(b) = 0.0067130098805352045
P(c) = 0.02908086424699435
P(d) = 0.026350130609792268
P(e) = 0.07632175311633062
P(f) = 0.0075314269174360715
P(g) = 0.012165399150263847
P(h) = 0.008181551713813807
P(i) = 0.06408879266203933
P(j) = 0.0006981334749502063
P(k) = 0.0006614723022221385
P(l) = 0.043069720297947096
P(m) = 0.017112213390371136
P(n) = 0.04508119664162709
P(o) = 0.0652448416420644
P(p) = 0.01697778909036822
P(q) = 0.0036687359280016467
P(r) = 0.047855225378050884
P(s) = 0.03633174590455421
P(t) = 0.0391951580716293
P(u) = 0.02258520274763269
P(v) = 0.013904884507704171
P(w) = 0.0003325692097474726
P(x) = 5.778499129995456e-05
P(y) = 0.0020710071051098515
P(z) = 0.003626837444883855
