P(a) = 0.05459126851542488
P(b) = 0.011801843189664773
P(c) = 0.015751336451720683
P(d) = 0.026774974941530236
P(e) = 0.082005234435906
P(f) = 0.014575676578683595
P(g) = 0.014582637264728813
P(h) = 0.04401868248134536
P(i) = 0.045854911460073505
P(j) = 0.0007566265731150462
P(k) = 0.005638851765229981
P(l) = 0.029932342131640494
P(m) = 0.016322808776032965
P(n) = 0.04595305713331106
P(o) = 0.048543128410736165
P(p) = 0.012080270631473438
P(q) = 0.001085867023053792
P(r) = 0.03652898429669228
P(s) = 0.044954198685822476
P(t) = 0.06161529680365297
P(u) = 0.018681785276756877
P(v) = 0.006029346252366633
P(w) = 0.01557940750640383
P(x) = 0.000728087760329658
P(y) = 0.011838734825704422
P(z) = 0.0004413074952667335
