P(a) = 0.0838776593596187
P(b) = 0.008873187423183673
P(c) = 0.032193614651794836
P(d) = 0.03799559153621115
P(e) = 0.1710155046363883
P(f) = 0.01019168739144735
P(g) = 0.00936510043103697
P(h) = 0.007840314362705781
P(i) = 0.07324743368551034
P(j) = 0.0061712722803413675
P(k) = 0.00028995458820678236
P(l) = 0.05392434060575985
P(m) = 0.03069335210584929
P(n) = 0.07539829085474574
P(o) = 0.05316843909222575
P(p) = 0.028930543614363282
P(q) = 0.011495761758307703
P(r) = 0.06545905148785652
P(s) = 0.08620883654639562
P(t) = 0.06823886487827678
P(u) = 0.0622104060518283
P(v) = 0.014864139685983508
P(w) = 0.00011973249164757679
P(x) = 0.004584456125975892
P(y) = 0.002126333646849737
P(z) = 0.0015045902263665372
