P(a) = 0.054270812849743305
P( ) = 3.5818299497576714e-07
P(b) = 0.011116209249072933
P(c) = 0.01538718328116398
P(d) = 0.027010937834117576
P(e) = 0.08350427616768552
P(f) = 0.014423671024679166
P(g) = 0.014549035072920685
P(h) = 0.04424741991834144
P(i) = 0.04459055922752823
P(j) = 0.0005978074186145554
P(k) = 0.005676842287370933
P(l) = 0.03015650089599476
P(m) = 0.01625685159296514
P(n) = 0.046433052553683574
P(o) = 0.049244789064243344
P(p) = 0.011680705649154742
P(q) = 0.0008872192785549752
P(r) = 0.03700209429597162
P(s) = 0.044674374048352554
P(t) = 0.06163218976248527
P(u) = 0.019054260783725883
P(v) = 0.006083021803673453
P(w) = 0.015090607761324044
P(x) = 0.0007324842247254438
P(y) = 0.01194576106543681
P(z) = 0.0004273123130060902
