P(a) = 0.05459161654972714
P(b) = 0.011802191223967034
P(c) = 0.015751684486022943
P(d) = 0.0267753229758325
P(e) = 0.08200558247020827
P(f) = 0.014576024612985856
P(g) = 0.014582985299031072
P(h) = 0.04401903051564762
P(i) = 0.045855259494375765
P(j) = 0.0007569746074173071
P(k) = 0.005639199799532242
P(l) = 0.029932690165942754
P(m) = 0.016323156810335228
P(n) = 0.04595340516761332
P(o) = 0.048543476445038425
P(p) = 0.012080618665775698
P(q) = 0.001086215057356053
P(r) = 0.03652933233099454
P(s) = 0.044954546720124736
P(t) = 0.06161564483795523
P(u) = 0.018682133311059137
P(v) = 0.006029694286668894
P(w) = 0.015579755540706092
P(x) = 0.0007284357946319189
P(y) = 0.011839082860006683
P(z) = 0.00044165552956899434
