P(a) = 0.08188690277313732
P(b) = 0.01770276478449716
P(c) = 0.023627004677581023
P(d) = 0.040162462412295354
P(e) = 0.12300785165385901
P(f) = 0.02186351486802539
P(g) = 0.021873955897093216
P(h) = 0.06602802372201805
P(i) = 0.06878236719011026
P(j) = 0.0011349398596725694
P(k) = 0.008458277647844972
P(l) = 0.04489851319746074
P(m) = 0.02448421316404945
P(n) = 0.06892958569996659
P(o) = 0.07281469261610424
P(p) = 0.018120405947210157
P(q) = 0.0016288005345806882
P(r) = 0.05479347644503842
P(s) = 0.06743129802873371
P(t) = 0.09242294520547945
P(u) = 0.028022677915135314
P(v) = 0.00904401937854995
P(w) = 0.023369111259605748
P(x) = 0.0010921316404944872
P(y) = 0.01775810223855663
P(z) = 0.0006619612429001002
