P(a) = 0.07297975939285764
P(b) = 0.006298261266838854
P(c) = 0.027615929606611796
P(d) = 0.024538169565690594
P(e) = 0.07195765819616942
P(f) = 0.00703983423444512
P(g) = 0.011461714631265614
P(h) = 0.007715455201174503
P(i) = 0.060325335337283334
P(j) = 0.0006291758956893246
P(k) = 0.0005867560641394045
P(l) = 0.04036974611421183
P(m) = 0.016041198635815372
P(n) = 0.04237214794365222
P(o) = 0.0613121382799811
P(p) = 0.016066278974177006
P(q) = 0.003455203651573412
P(r) = 0.044654768368367626
P(s) = 0.03428110693466711
P(t) = 0.0367646797000825
P(u) = 0.02118297763375677
P(v) = 0.013068404455444702
P(w) = 0.0002950810180078378
P(x) = 5.4805183827268926e-05
P(y) = 0.0018376766441516445
P(z) = 0.0034589192572566166
