P(a) = 0.11664537699993244
P(b) = 0.01006925295528332
P(c) = 0.04362103450497204
P(d) = 0.03952493404916892
P(e) = 0.11448236780897643
P(f) = 0.011296878510634621
P(g) = 0.018247836859876285
P(h) = 0.012272065705201226
P(i) = 0.0961329271275395
P(j) = 0.0010469383469058232
P(k) = 0.0009919465878137214
P(l) = 0.06460431858140116
P(m) = 0.025668058220037215
P(n) = 0.06762153309692115
P(o) = 0.09786700059757712
P(p) = 0.025466421770032843
P(q) = 0.005502842026482983
P(r) = 0.07178257620155684
P(s) = 0.05449735699131183
P(t) = 0.05879247524192446
P(u) = 0.03387754225592955
P(v) = 0.02085706489603677
P(w) = 0.0004985919491017227
P(x) = 8.641562143044564e-05
P(y) = 0.0031062487921452915
P(z) = 0.005439994301806296
