P(a) = 0.05201932770879762
P(b) = 0.011246086702748594
P(c) = 0.015009484771304255
P(d) = 0.025513703173087127
P(e) = 0.07814158176801443
P(f) = 0.013889220524249178
P(g) = 0.01389585323145495
P(h) = 0.04194490873394885
P(i) = 0.0436946168948318
P(j) = 0.0007213069086278255
P(k) = 0.005373487742757084
P(l) = 0.02852229916162581
P(m) = 0.015554030032898227
P(n) = 0.043788138066433197
P(o) = 0.04625616841770137
P(p) = 0.011511394990979518
P(q) = 0.0010350339594608936
P(r) = 0.03480811578053698
P(s) = 0.042836344582404755
P(t) = 0.058712392550143266
P(u) = 0.017801854504934735
P(v) = 0.0057455826170009555
P(w) = 0.01484565690332166
P(x) = 0.0006941128090841558
P(y) = 0.011281240050939192
P(z) = 0.0004208452722063037
