P(a) = 0.05288247938747455
P(b) = 0.005594292384768354
P(c) = 0.020297158697915034
P(d) = 0.023955140159716094
P(e) = 0.10782041330097357
P(f) = 0.006425569126709222
P(g) = 0.00590442954997824
P(h) = 0.004943095287142905
P(i) = 0.046180424342220444
P(j) = 0.0038908117089967516
P(k) = 0.00018280812377474218
P(l) = 0.033997763556336505
P(m) = 0.019351285818682534
P(n) = 0.04753647863350473
P(o) = 0.03352118914410782
P(p) = 0.01823988518558435
P(q) = 0.007247750937119007
P(r) = 0.04127007080858944
P(s) = 0.054352220322897354
P(t) = 0.04302266411462888
P(u) = 0.03922189222778984
P(v) = 0.009371417449626584
P(w) = 7.548793170797812e-05
P(x) = 0.0028903692405777646
P(y) = 0.0013405929076814429
P(z) = 0.0009486013586918215
