P(a) = 0.07874161604085783
P(b) = 0.006207332338334737
P(c) = 0.028512692700127584
P(d) = 0.025996269743436613
P(e) = 0.07737219038214738
P(f) = 0.007318036802011989
P(g) = 0.01188518456433417
P(h) = 0.00815924002086299
P(i) = 0.06462621884183817
P(j) = 5.6954596406614135e-05
P(k) = 0.0006182358556314171
P(l) = 0.04277793259127064
P(m) = 0.016598581668848728
P(n) = 0.045168588300376025
P(o) = 0.06681456894982732
P(p) = 0.01652132464533187
P(q) = 0.003285938844418189
P(r) = 0.048374934443822196
P(s) = 0.03555601789991335
P(t) = 0.03928268111337073
P(u) = 0.022883710033189977
P(v) = 0.013835295571896913
P(w) = 0.00025315150264012404
P(x) = 8.444372337889163e-06
P(y) = 0.0020947433422861647
P(z) = 0.0037214528560574086
