P(a) = 0.07444202087625741
P(b) = 0.006723368090942298
P(c) = 0.02644103853705832
P(d) = 0.024867978802235673
P(e) = 0.07116846071398551
P(f) = 0.006805875287080497
P(g) = 0.011484769287800208
P(h) = 0.006895354922328965
P(i) = 0.05933468211294344
P(j) = 0.000786336188547149
P(k) = 0.0007317187488500317
P(l) = 0.04139188477811956
P(m) = 0.015379651246342859
P(n) = 0.04267791243623607
P(o) = 0.061657666409848495
P(p) = 0.015708905315438955
P(q) = 0.003021390281117124
P(r) = 0.04576205466934563
P(s) = 0.034103749119245366
P(t) = 0.03711429338396874
P(u) = 0.020828999768747435
P(v) = 0.0131639650401903
P(w) = 0.00036915191511597683
P(x) = 1.3944878220540573e-05
P(y) = 0.0022985807600191047
P(z) = 0.0036086245972932218
