P(a) = 0.0731179322122705
P(b) = 0.006311805696448961
P(c) = 0.027343388362193775
P(d) = 0.024775790715677218
P(e) = 0.07176207256770926
P(f) = 0.007081329911182986
P(g) = 0.011438465311332295
P(h) = 0.007692615784832625
P(i) = 0.060259917965567074
P(j) = 0.0006562623315927116
P(k) = 0.0006217913236801379
P(l) = 0.040496540095691515
P(m) = 0.016089753312335565
P(n) = 0.042387849396494724
P(o) = 0.06134690374841023
P(p) = 0.01596335961665613
P(q) = 0.003449398858451536
P(r) = 0.044996155661879464
P(s) = 0.03416109713667394
P(t) = 0.03685344700230266
P(u) = 0.02123578235071263
P(v) = 0.013074032562955551
P(w) = 0.00031253713840733436
P(x) = 5.416872671975858e-05
P(y) = 0.0019471195040902313
P(z) = 0.0034100034208371663
