P(a) = 0.07776358466662163
P(b) = 0.006712835303522214
P(c) = 0.029080689669981362
P(d) = 0.026349956032779277
P(e) = 0.07632157853931762
P(f) = 0.007531252340423081
P(g) = 0.012165224573250857
P(h) = 0.008181377136800817
P(i) = 0.06408861808502633
P(j) = 0.0006979588979372155
P(k) = 0.0006612977252091477
P(l) = 0.043069545720934105
P(m) = 0.017112038813358144
P(n) = 0.0450810220646141
P(o) = 0.06524466706505141
P(p) = 0.01697761451335523
P(q) = 0.003668561350988656
P(r) = 0.04785505080103789
P(s) = 0.036331571327541216
P(t) = 0.03919498349461631
P(u) = 0.022585028170619702
P(v) = 0.01390470993069118
P(w) = 0.0003323946327344818
P(x) = 5.7610414286963756e-05
P(y) = 0.002070832528096861
P(z) = 0.003626662867870864
